1	EastCarolina	12	58	3761	64.84	44	75.86	0	1
2	UAB	14	80	5167	64.59	71	88.75	2	0
3	VirginiaTech	13	73	4707	64.48	61	83.56	2	1
4	UTEP	12	44	2834	64.41	30	68.18	0	1
5	Stanford	13	72	4632	64.33	60	83.33	2	0
6	Oklahoma	14	116	7456	64.28	94	81.03	1	3
7	Miami(OH)	12	63	4048	64.25	42	66.67	2	2
8	NorthCarolina	11	56	3597	64.23	32	57.14	1	4
9	Georgia	14	98	6294	64.22	84	85.71	2	1
10	Vanderbilt	13	70	4492	64.17	51	72.86	1	0
11	Nevada	13	78	5002	64.13	47	60.26	0	2
12	TexasA&M	13	82	5257	64.11	57	69.51	2	1
12	Auburn	13	79	5065	64.11	56	70.89	3	1
14	California	13	57	3646	63.96	33	57.89	0	3
15	Syracuse	13	101	6454	63.90	61	60.40	2	0
16	GeorgiaSouthern	13	76	4853	63.86	52	68.42	3	0
17	USC	12	62	3955	63.79	39	62.90	1	2
18	Utah	14	82	5230	63.78	58	70.73	0	0
19	LSU	13	79	5038	63.77	71	89.87	0	0
20	Rice	13	51	3252	63.76	34	66.67	0	1
21	Clemson	15	117	7457	63.74	81	69.23	0	0
22	Florida	13	88	5607	63.72	47	53.41	0	0
22	Arizona	12	75	4779	63.72	60	80.00	2	0
22	UCLA	12	60	3823	63.72	38	63.33	0	3
25	Tennessee	12	52	3309	63.63	23	44.23	1	6
26	BoiseState	13	84	5332	63.48	52	61.90	1	0
27	UtahState	13	113	7156	63.33	72	63.72	4	0
28	Virginia	13	73	4619	63.27	47	64.38	1	1
29	Wisconsin	13	70	4427	63.24	54	77.14	0	1
30	Colorado	12	63	3975	63.10	33	52.38	0	2
31	ArizonaState	13	78	4921	63.09	48	61.54	1	1
31	FloridaState	12	53	3344	63.09	38	71.70	2	1
33	Toledo	13	93	5848	62.88	49	52.69	1	3
34	FloridaInternational	13	79	4965	62.85	54	68.35	2	4
34	Akron	12	52	3268	62.85	29	55.77	1	0
36	SanDiegoState	13	62	3894	62.81	45	72.58	2	0
37	Texas	14	84	5274	62.79	52	61.90	4	1
38	NewMexico	12	60	3761	62.68	38	63.33	1	1
39	Baylor	13	72	4510	62.64	39	54.17	4	4
40	Pittsburgh	14	73	4571	62.62	44	60.27	2	0
41	Illinois	12	66	4129	62.56	43	65.15	1	0
42	OklahomaState	13	94	5864	62.38	53	56.38	7	1
43	Charlotte	12	55	3428	62.33	31	56.36	1	2
44	MississippiState	13	72	4478	62.19	29	40.28	2	0
45	AirForce	12	68	4225	62.13	29	42.65	3	1
46	Missouri	13	95	5898	62.08	57	60.00	4	0
47	AppalachianState	13	86	5337	62.06	50	58.14	0	2
48	NotreDame	13	82	5087	62.04	33	40.24	4	0
49	Kentucky	13	66	4090	61.97	36	54.55	0	0
50	NewMexicoState	12	61	3778	61.93	33	54.10	0	2
51	Iowa	13	79	4891	61.91	39	49.37	2	0
52	SouthCarolina	13	73	4518	61.89	48	65.75	1	2
53	Troy	13	76	4699	61.83	36	47.37	1	2
54	Tulsa	12	60	3700	61.67	28	46.67	3	0
55	Purdue	13	77	4748	61.66	40	51.95	1	0
56	Alabama	15	121	7452	61.59	44	36.36	4	0
57	Miami(FL)	13	71	4371	61.56	42	59.15	4	0
57	Marshall	13	71	4371	61.56	30	42.25	1	2
59	PennState	13	84	5170	61.55	37	44.05	6	1
59	Oregon	13	80	4924	61.55	23	28.75	0	0
61	Louisiana-Monroe	12	63	3875	61.51	27	42.86	2	0
62	Memphis	14	107	6579	61.49	57	53.27	2	2
63	Michigan	13	89	5469	61.45	43	48.31	1	0
64	NorthCarolinaState	13	84	5161	61.44	23	27.38	0	1
65	NorthernIllinois	14	60	3686	61.43	23	38.33	3	0
66	OregonState	12	57	3500	61.40	30	52.63	2	3
67	TexasTech	12	87	5339	61.37	48	55.17	6	1
68	Nebraska	12	72	4413	61.29	34	47.22	2	0
69	Minnesota	13	74	4534	61.27	32	43.24	2	2
70	BostonCollege	12	68	4166	61.26	14	20.59	5	2
71	WashingtonState	13	88	5390	61.25	40	45.45	4	0
71	Tulane	13	65	3981	61.25	35	53.85	3	2
73	WakeForest	13	83	5080	61.20	33	39.76	1	0
74	Mississippi	12	82	5005	61.04	32	39.02	1	2
75	Rutgers	12	39	2380	61.03	14	35.90	1	1
76	TexasState	12	52	3173	61.02	17	32.69	1	1
77	WesternKentucky	12	53	3228	60.91	13	24.53	0	2
78	Wyoming	12	56	3404	60.79	30	53.57	1	0
79	BYU	13	67	4064	60.66	21	31.34	3	1
80	Cincinnati	13	79	4789	60.62	30	37.97	0	0
81	KansasState	12	60	3636	60.60	8	13.33	1	0
82	WestVirginia	12	88	5332	60.59	25	28.41	3	1
83	UCF	13	97	5871	60.53	29	29.90	4	1
83	Louisville	12	51	3087	60.53	11	21.57	1	0
85	OhioState	14	103	6232	60.50	33	32.04	2	1
86	Duke	13	72	4355	60.49	18	25.00	2	1
86	MichiganState	13	59	3569	60.49	24	40.68	3	0
88	BallState	12	57	3438	60.32	10	17.54	4	2
89	GeorgiaTech	13	79	4762	60.28	20	25.32	2	0
90	UNLV	12	60	3616	60.27	28	46.67	4	5
91	Houston	13	99	5956	60.16	29	29.29	2	2
92	Arkansas	12	59	3549	60.15	17	28.81	1	0
93	Buffalo	14	89	5352	60.13	49	55.06	3	0
94	FresnoState	14	88	5290	60.11	21	23.86	4	0
94	Washington	14	74	4448	60.11	24	32.43	0	1
96	Kansas	12	53	3182	60.04	21	39.62	1	5
97	EasternMichigan	13	63	3764	59.75	21	33.33	4	2
98	Army	13	76	4520	59.47	15	19.74	1	0
99	Massachusetts	12	69	4094	59.33	12	17.39	5	1
100	Ohio	13	93	5509	59.24	20	21.51	3	3
101	NorthTexas	13	88	5210	59.20	35	39.77	1	0
102	IowaState	13	69	4084	59.19	16	23.19	3	1
103	CentralMichigan	12	41	2421	59.05	14	34.15	0	4
104	OldDominion	12	69	4069	58.97	26	37.68	3	2
105	Liberty	12	72	4242	58.92	26	36.11	2	0
106	ColoradoState	12	52	3058	58.81	21	40.38	2	4
107	SanJoseState	12	54	3170	58.70	18	33.33	2	2
108	Connecticut	12	53	3101	58.51	17	32.08	3	1
109	Hawai'i	14	75	4374	58.32	14	18.67	2	5
110	TCU	13	65	3780	58.15	20	30.77	3	0
111	Louisiana	14	84	4882	58.12	18	21.43	4	2
112	ArkansasState	13	73	4233	57.99	12	16.44	0	1
113	Navy	13	61	3537	57.98	9	14.75	2	4
114	LouisianaTech	13	65	3764	57.91	10	15.38	2	0
115	CoastalCarolina	12	65	3758	57.82	12	18.46	1	1
116	WesternMichigan	13	77	4449	57.78	6	7.79	2	1
117	UTSA	12	40	2307	57.68	7	17.50	2	2
118	SouthernMississippi	11	61	3510	57.54	29	47.54	1	1
119	FloridaAtlantic	12	72	4115	57.15	5	6.94	1	1
120	Indiana	12	65	3700	56.92	23	35.38	1	1
121	Temple	13	80	4551	56.89	10	12.50	1	2
122	Northwestern	14	66	3749	56.80	8	12.12	3	2
123	GeorgiaState	12	56	3160	56.43	22	39.29	2	3
124	Maryland	12	66	3710	56.21	9	13.64	4	2
125	BowlingGreen	12	54	3032	56.15	11	20.37	2	3
126	SouthFlorida	13	75	4185	55.80	12	16.00	7	1
127	SouthAlabama	12	55	3064	55.71	9	16.36	3	3
128	MiddleTennessee	14	78	4316	55.33	13	16.67	3	0
129	KentState	12	57	3144	55.16	15	26.32	2	1
130	SMU	12	68	3609	53.07	12	17.65	6	0