1	NewMexico	12	18	268	14.89	0	1.5	22.3
2	OhioState	14	33	492	14.91	0	2.4	35.1
3	Ohio	13	56	845	15.09	0	4.3	65.0
4	FloridaAtlantic	12	38	599	15.76	0	3.2	49.9
5	Rice	13	17	274	16.12	0	1.3	21.1
6	ArkansasState	13	49	803	16.39	0	3.8	61.8
7	Rutgers	12	20	328	16.40	0	1.7	27.3
8	Iowa	13	25	411	16.44	0	1.9	31.6
9	TexasA&M	13	17	281	16.53	0	1.3	21.6
10	KentState	12	34	580	17.06	0	2.8	48.3
11	AirForce	12	32	550	17.19	0	2.7	45.8
12	Temple	13	51	877	17.20	0	3.9	67.5
13	BYU	13	37	640	17.30	0	2.8	49.2
14	TexasState	12	27	477	17.67	0	2.3	39.8
15	Louisiana-Monroe	12	28	495	17.68	0	2.3	41.3
16	Memphis	14	34	608	17.88	0	2.4	43.4
17	MichiganState	13	29	520	17.93	0	2.2	40.0
18	EasternMichigan	13	28	503	17.96	0	2.2	38.7
19	Michigan	13	28	506	18.07	1	2.2	38.9
20	Kentucky	13	23	419	18.22	0	1.8	32.2
21	Colorado	12	25	457	18.28	0	2.1	38.1
22	Syracuse	13	22	403	18.32	0	1.7	31.0
23	BowlingGreen	12	35	652	18.63	0	2.9	54.3
24	Tulane	13	26	485	18.65	0	2.0	37.3
25	IowaState	13	41	769	18.76	0	3.2	59.2
26	KansasState	12	43	807	18.77	0	3.6	67.3
27	SouthFlorida	13	44	831	18.89	0	3.4	63.9
28	TCU	13	31	588	18.97	0	2.4	45.2
29	OklahomaState	13	26	494	19.00	0	2.0	38.0
30	WesternMichigan	13	57	1087	19.07	1	4.4	83.6
31	MiddleTennessee	14	46	887	19.28	0	3.3	63.4
32	SouthernMississippi	11	21	405	19.29	0	1.9	36.8
33	WestVirginia	12	44	850	19.32	0	3.7	70.8
34	NorthCarolina	11	20	387	19.35	0	1.8	35.2
34	UTSA	12	23	445	19.35	0	1.9	37.1
36	FloridaInternational	13	22	426	19.36	0	1.7	32.8
36	Northwestern	14	44	852	19.36	0	3.1	60.9
38	Miami(OH)	12	16	310	19.38	0	1.3	25.8
39	Auburn	13	16	311	19.44	0	1.2	23.9
40	Tulsa	12	25	487	19.48	0	2.1	40.6
41	GeorgiaState	12	22	429	19.50	0	1.8	35.8
41	UNLV	12	24	468	19.50	0	2.0	39.0
41	Florida	13	34	663	19.50	0	2.6	51.0
44	Duke	13	43	845	19.65	0	3.3	65.0
45	NorthTexas	13	37	735	19.86	0	2.8	56.5
46	Toledo	13	35	697	19.91	0	2.7	53.6
47	SanDiegoState	13	13	259	19.92	0	1.0	19.9
48	UCF	13	52	1038	19.96	0	4.0	79.8
49	Virginia Tech	13	8	160	20.00	0	0.6	12.3
50	BoiseState	13	28	561	20.04	0	2.2	43.2
51	BallState	12	33	662	20.06	0	2.8	55.2
52	Massachusetts	12	49	984	20.08	0	4.1	82.0
53	Alabama	15	41	825	20.12	0	2.7	55.0
54	FresnoState	14	52	1051	20.21	0	3.7	75.1
55	Wisconsin	13	13	263	20.23	0	1.0	20.2
56	Army	13	45	912	20.27	0	3.5	70.2
57	WashingtonState	13	39	792	20.31	0	3.0	60.9
58	OldDominion	12	32	653	20.41	1	2.7	54.4
59	Nebraska	12	34	695	20.44	0	2.8	57.9
60	Pittsburgh	14	26	532	20.46	0	1.9	38.0
61	Clemson	15	32	657	20.53	1	2.1	43.8
62	Kansas	12	22	454	20.64	0	1.8	37.8
62	CentralMichigan	12	25	516	20.64	0	2.1	43.0
62	Houston	13	59	1218	20.64	0	4.5	93.7
65	NorthCarolinaState	13	46	950	20.65	0	3.5	73.1
66	NorthernIllinois	14	30	620	20.67	0	2.1	44.3
67	Maryland	12	47	972	20.68	0	3.9	81.0
68	Wyoming	12	22	456	20.73	1	1.8	38.0
69	Louisville	12	33	685	20.76	1	2.8	57.1
70	Utah	14	22	460	20.91	0	1.6	32.9
71	Arkansas	12	29	608	20.97	2	2.4	50.7
72	LSU	13	6	126	21.00	0	0.5	9.7
72	Arizona	12	11	231	21.00	0	0.9	19.3
72	OregonState	12	18	378	21.00	0	1.5	31.5
75	Minnesota	13	32	673	21.03	0	2.5	51.8
76	Marshall	13	38	800	21.05	0	2.9	61.5
76	Washington	14	42	884	21.05	0	3.0	63.1
78	SanJoseState	12	25	527	21.08	0	2.1	43.9
78	SouthAlabama	12	38	801	21.08	0	3.2	66.8
80	BostonCollege	12	43	907	21.09	0	3.6	75.6
81	Missouri	13	29	612	21.10	0	2.2	47.1
82	TexasTech	12	21	445	21.19	1	1.8	37.1
83	UTEP	12	13	276	21.23	0	1.1	23.0
84	PennState	13	30	640	21.33	1	2.3	49.2
85	Navy	13	34	728	21.41	1	2.6	56.0
86	Purdue	13	32	686	21.44	0	2.5	52.8
87	Baylor	13	27	580	21.48	0	2.1	44.6
88	EastCarolina	12	13	280	21.54	0	1.1	23.3
89	LouisianaTech	13	43	928	21.58	0	3.3	71.4
90	Tennessee	12	22	476	21.64	0	1.8	39.7
91	WesternKentucky	12	35	758	21.66	0	2.9	63.2
92	UtahState	13	32	695	21.72	0	2.5	53.5
93	ColoradoState	12	20	435	21.75	1	1.7	36.3
94	SouthCarolina	13	17	374	22.00	0	1.3	28.8
94	Charlotte	12	20	440	22.00	1	1.7	36.7
96	Buffalo	14	31	683	22.03	0	2.2	48.8
97	California	13	23	510	22.17	0	1.8	39.2
98	Texas	14	27	601	22.26	0	1.9	42.9
98	Troy	13	27	601	22.26	0	2.1	46.2
100	Nevada	13	29	647	22.31	1	2.2	49.8
101	ArizonaState	13	23	514	22.35	0	1.8	39.5
102	Liberty	12	43	962	22.37	2	3.6	80.2
103	Illinois	12	21	470	22.38	1	1.8	39.2
104	MississippiState	13	36	806	22.39	0	2.8	62.0
105	Miami(FL)	13	24	540	22.50	0	1.8	41.5
106	Oregon	13	44	998	22.68	0	3.4	76.8
107	SMU	12	34	778	22.88	2	2.8	64.8
108	Louisiana	14	48	1106	23.04	1	3.4	79.0
109	NotreDame	13	33	762	23.09	2	2.5	58.6
110	USC	12	18	416	23.11	0	1.5	34.7
111	Akron	12	18	420	23.33	0	1.5	35.0
112	Cincinnati	13	34	799	23.50	0	2.6	61.5
113	Hawai'i	14	46	1083	23.54	0	3.3	77.4
114	NewMexicoState	12	24	570	23.75	1	2.0	47.5
115	Vanderbilt	13	16	381	23.81	0	1.2	29.3
116	WakeForest	13	46	1097	23.85	1	3.5	84.4
117	Connecticut	12	33	796	24.12	1	2.8	66.3
118	CoastalCarolina	12	43	1047	24.35	1	3.6	87.3
119	Indiana	12	32	782	24.44	0	2.7	65.2
120	Mississippi	12	41	1012	24.68	1	3.4	84.3
121	GeorgiaSouthern	13	17	420	24.71	0	1.3	32.3
122	Virginia	13	24	599	24.96	1	1.8	46.1
123	Oklahoma	14	18	453	25.17	1	1.3	32.4
124	FloridaState	12	12	305	25.42	0	1.0	25.4
125	AppalachianState	13	31	799	25.77	0	2.4	61.5
126	UCLA	12	22	572	26.00	0	1.8	47.7
127	GeorgiaTech	13	48	1261	26.27	2	3.7	97.0
128	UAB	14	5	134	26.80	0	0.4	9.6
129	Georgia	14	10	313	31.30	1	0.7	22.4
130	Stanford	13	5	166	33.20	1	0.4	12.8